MSE     : 0.018230
BLEU-4  : 0.113465
METEOR  : 0.434693
CIDEr   : 0.579352