
MSE     : 0.035427
BLEU-4  : 0.105123
METEOR  : 0.422531
CIDEr   : 0.451024