greedy search:
===== Evaluation Results =====
MSE     : 0.024836
BLEU-4  : 0.101206
METEOR  : 0.409383
CIDEr   : 0.349452



beem search: =5

===== Evaluation Results =====
MSE     : 0.024836
BLEU-4  : 0.104221
METEOR  : 0.422328
CIDEr   : 0.451027